4
0	2	3	1	1	1	"Short Bow"						2		3		5		30		20		0		20		80	0	0	1	0
1	2	3	1	1	1	"Bow"							8		9		15		30		24		0		30		90	0	0	1	0
2	2	3	1	1	1	"Fairy Bow"						16		17		24		30		28		0		30		90	0	0	1	0
3	2	3	1	1	1	"Battle Bow"					26		28		37		30		36		0		30		90	0	0	1	0
4	2	4	1	1	1	"Tiger Bow"						40		42		52		30		43		0		30		100	0	0	1	0
5	2	4	1	1	1	"Silver Bow"					56		58		72		40		48		0		30		100	0	0	1	0
6	2	4	1	1	0	"Chaos Nature Bow"				75		77		102		35		68		0		40		150	0	0	1	0
7	1	1	0	0	0	"Bolts"							0		0		0		0		255		0		0		0	0	0	1	0
8	2	2	1	1	1	"Crossbow"						4		5		8		40		22		0		20		90	0	0	1	0
9	2	2	1	1	1	"Gold Crossbow"					12		13		19		40		26		0		30		90	0	0	1	0
10	2	2	1	1	1	"Arquebus"						20		22		30		40		31		0		30		90	0	0	1	0
11	2	3	1	1	1	"Light Crossbow"				32		35		44		40		40		0		30		90	0	0	1	0
12	2	3	1	1	1	"Serpent Crossbow"				48		50		66		40		45		0		30		100	0	0	1	0
13	2	3	1	1	1	"Legendary Crossbow"			68		70		82		40		56		0		40		110	0	0	1	0
14	2	3	1	1	1	"Aqua Gold Crossbow"			72		74		98		30		60		0		50		130	0	0	1	0
15	1	1	0	0	0	"Arrows"						0		0		0		0		255		0		0		0	0	0	1	0
16	2	4	1	1	1	"Saint Crossbow"				84		86		108		35		72		0		50		160	0	0	1	0
17	2	4	1	1	1	"Celestial Bow"					96		105		127		35		76		0		53		192	0	0	2	0
18	2	3	1	1	0	"Divine Crossbow of Archangel"	100		120		140		35		100		0		40		110	0	0	1	0
19 	2 	3 	1	1 	1 	"Great Reign Crossbow" 			100 	150 	172		40 		80 		0 		61		285 0 	0 	2 	0
20 	2 	3 	1	1 	0 	"Test Crossbow" 				135 	166 	190	 	40 		80 		0 		61		285 0 	0 	2 	0