7
0	2	2	1	1	1	"Bronze Helm"				16		9		0		34		80		20		0		1	0	0	0	0
1	2	2	1	1	1	"Dragon Helm"				57		24		0		68		120		30		0		1	0	0   0	0
2	2	2	1	1	1	"Pad Helm"					5		4		0		28		20		0		1		0	0	0   0	0
3	2	2	1	1	1	"Legendary Helm"			50		18		0		42		30		0		1		0	0	0   0	0
4	2	2	1	1	1	"Bone Helm"					18		9		0		30		30		0		1		0	0	0   0	0
5	2	2	1	1	1	"Leather Helm"				6		5		0		30		80		0		0		1	0	0   0	0
6	2	2	1	1	1	"Scale Helm"				26		12		0		40		110		0		0		1	0	0   0	0
7	2	2	1	1	1	"Sphinx Helm"				32		13		0		36		30		0		1		0	0	0   0	0
8	2	2	1	1	1	"Brass Helm"				36		17		0		44		100		30		0		1	0	0   0	0
9	2	2	1	1	1	"Plate Helm"				46		20		0		50		130		0		0		1	0	0   0	0
10	2	2	1	1	1	"Vine Helm"					6		4		0		22		30		60		0		0	1	0   0	0
11	2	2	1	1	1	"Silk Helm"					16		8		0		26		30		70		0		0	1	0   0	0
12	2	2	1	1	1	"Wind Helm"					28		12		0		32		30		80		0		0	1	0   0	0
13	2	2	1	1	1	"Spirit Helm"				40		16		0		38		40		80		0		0	1	0   0	0
14	2	2	1	1	1	"Guardian Helm"				53		23		0		45		40		80		0		0	1	0   0	0
16	2	2	1	1	1	"Black Dragon Helm"			82		30		0		74		170		60		0		1	0	0   0	0
17	2	2	1	1	1	"Dark Phoenix Helm"			92		39		0		80		205		62		0		2	0	0   0	0
18	2	2	1	1	1	"Grand Soul Helm"			81		27		0		67		59		20		2		0	0	0   0	0
19	2	2	1	1	1	"Divine Helm"				85		30		0		74		50		110		0		0	2	0   0	0
21	2	2	1	1	1	"Flaming Phoenix Helm"		125		69		0		95		325		95		0		2	0	0   0	0
22	2	2	1	1	1	"Dark Soul Helm"			117		56		0		90		105		50		2		0	0	0   0	0
24	2	2	1	1	1	"Nature Helmet"				110		39		0		80		125		65		0		0	2	0   0	0
25	2	2	1	1	1	"Lycantropus Mask"			105		47		0		83		240		77		0		1	0	0   0	0
26	2	2	1	1	1	"Storm Mask" 				95		39		0		80		70		28		2		0	0	0   0	0
27	2	2	1	1	1	"Magus Mask"				115		58		0		87		275		85		0		1	0	0   0	0
28	2	2	1	1	1	"Adamantine Mask"			103		47		0		85		85		33		2		0	0	0   0	0