2
0	1	3	1	1	1	"Mace"						7		7		13		15		21		0		100		0	0	1	0	1
1	1	3	1	1	1	"Morning Star"				13		13		22		15		25		0		100		0	0	1	0	1
2	1	3	1	1	1	"Flail"						22		22		32		15		32		0		80		50	0	1	0	1
3	2	3	1	1	1	"Great Hammer"				38		45		56		15		50		0		150		0	0	1	0	1
4	2	3	1	1	1	"Crystal Mace"				66		78		107		30		72		0		130		0	1	1	1	1
5	2	4	1	1	1	"Crystal Sword"				72		84		115		40		76		0		130		70	1	1	1	1
6	2	4	1	1	0	"Chaos Dragon Axe"			75		102		130		35		80		0		140		50	0	1	0	1
7 	1	3 	1 	1 	1 	"Elemental Mace"			90 		62 		80 		50 		50 		0 		15 		42 	0 	0 	2 	0
8 	1	3 	1 	1 	1 	"Skeleton Mace"				90 		112 	135 	45 		80 		0 		155 	85 	0 	2 	0 	1
9 	1	3 	1 	1 	1 	"Slayer's Mace"				100 	135 	150 	45 		80 		0 		170 	120 0 	2 	0 	1
10 	1	3 	1 	1 	1 	"Stalker's Mace"			112 	145 	180 	50 		80 		0 		195 	145 0 	2 	0 	1
11 	1	3 	1 	1 	1 	"Mace of Gimli"				117 	165 	190 	50 		80 		0 		235 	170 0 	2 	0 	1
12 	1	4 	1 	1 	1 	"Phantom Mace" 				127 	210 	240 	55 		80 		50 		315 	230 0 	0 	0 	1
13 	1	3 	1 	1 	1 	"Mace of the King"			125 	200 	210 	55 		80 		0 		300 	200	0 	2 	0 	1