3
0	2	4	1	1	1	"Light Spear"				42		50		63		25		56		0		60		70	0	1	1	1
1	2	4	1	1	1	"Spear"						23		30		41		30		42		0		70		50	0	1	1	1
2	2	4	1	1	1	"Dragon Lance"				15		21		33		30		34		0		70		50	0	1	1	1
3	2	4	1	1	1	"Big Pike"					29		35		43		25		44		0		90		30	0	1	1	1
4	2	4	1	1	1	"Serpent Spear"				46		58		80		20		58		0		90		30	0	1	1	1
5	2	4	1	1	1	"Double Halberd"			13		19		31		30		38		0		70		50	0	1	1	1
6	2	4	1	1	1	"Halberd"					19		25		35		30		40		0		70		50	0	1	1	1
7	2	4	1	1	1	"Bardiche"					37		42		54		30		54		0		80		50	0	1	1	1
8	2	4	1	1	1	"Great Scythe"				54		71		92		25		68		0		90		50	0	1	1	1
9	2	4	1	1	1	"Bill of Balrog"			63		76		102		25		74		0		80		50	0	1	1	1
10 	2 	4	1 	1 	1 	"Dragon Spear" 	      	 	92 		112 	140		45		85 		0 		170 	60	0 	2 	0 	0