0
0	1	2	1	1	1	"Kris"						6		6		11		50		20		0		40		40	1	1	1	1
1	1	3	1	1	1	"Short Sword"				3		3		7		20		22		0		60		0	1	1	1	1
2	1	3	1	1	1	"Rapier"					9		9		15		40		23		0		50		40	0	1	1	1
3	1	3	1	1	1	"Katache"					16		16		26		35		27		0		80		40	0	1	0	1
4	1	3	1	1	1	"Scimitar"					12		12		18		30		24		0		60		40	0	1	0	1
5	1	3	1	1	1	"Blade"						36		36		47		30		39		0		80		50	1	1	1	1
6	1	3	1	1	1	"Gladius"					20		20		30		20		30		0		110		0	0	1	1	1
7	1	3	1	1	1	"Falchion"					24		24		34		25		34		0		120		0	0	1	0	1
8	1	3	1	1	1	"Serpent Borg"				30		30		40		20		36		0		130		0	0	1	0	1
9	2	3	1	1	1	"Sword of Salamander"		32		32		46		30		40		0		103		0	0	1	0	1
10	2	4	1	1	1	"Light Saber"				40		47		61		25		50		0		80		60	0	1	1	1
11	2	3	1	1	1	"Legendary Sword"			44		56		72		20		54		0		120		0	0	1	0	1
12	2	3	1	1	1	"Helical Sword"				56		73		98		25		66		0		140		0	0	1	0	1
13	1	3	1	1	1	"Double Blade"				48		48		56		30		43		0		70		70	0	1	1	1
14	1	3	1	1	1	"Lightning Sword"			59		59		67		30		50		0		90		50	0	1	1	1
15	2	3	1	1	1	"Giant Sword"				52		60		85		20		60		0		140		0	0	1	0	1
16	1	4	1	1	1	"Sword of Destruction"		82		82		90		35		84		0		160		60	0	1	0	1
17	2	4	1	1	1	"Spirit Sword"				104		136		162		40		89		0		180		50	0	2	0	0
18	2	3	1	1	1	"Thunder Sword"				105		120		158		40		86		0		180		50	0	0	0	1
19	1	4	1	1	1	"Divine Sword of Archangel"	86		120		130		35		84		0		140		50	0	1	0	1
20 	1 	4	1 	1 	1 	"Blade of Devourer"			106 	140 	150 	40		93		0 		175 	75	0 	2 	0 	0
21 	2 	4	1 	1 	1 	"Double Blunt Sword"		110 	150 	185 	40		95		93 		200 	70	0 	0	0 	1
31 	2 	4	1 	1 	1 	"DeathBroad" 				100 	104 	130 	35		93		93 		135 	62	0 	0 	0 	1
